$ANSIBLE_VAULT;1.1;AES256
64343034323265636535653733333863616437303666623835313363373435383565653462656532
3331353236656636373062356436396237396534636532350a643663626432316133656332613533
37646433376239643236386565396634613538313865326633376161363139636139386663616462
3331653662396134370a636266343430353261386238383138383730313833653630663336353931
30656137623538356237643738666430393165313565386635316330323162623761363439363565
32623236353462613366353530383639636363613931323735316430386166353437333964383536
64363438303464616237313766643962613837636139636333666536626135626131306134633731
63333261383932623964346234363431646435343832613365353137653432313038396263663633
31633732666239663837383466313031653735383664613636363735356233376336653336336231
38333437643766366465376434333465636534363166336465666366663438666233366163383461
33346437613766663233373865643264633139643262313063313934653031333238656438633335
66313436336363643838363065373637653633646664316564643062663031393163663964626136
34633737316530356235316531383334356136373839666462636536353561633037383238366336
31343066613739313539363064623237386165383138363337613637356636363665323861613634
63376536356430343538653764343930323061333434646435633538363433393164643032633438
39643164393766313564393430333463316562353864613266633638633435353066313134616234
63633865646536623438376234623436633262313136613964353231353830643134393263326265
30336466646336346439653533356133326264653964393966326266653230663865303861646439
39323764303136336239396331623338386237653362353436393266666631646335356638333463
64326332303830383736373561303762636433643435393464386663353364313734363337626333
37376362316332326236346333396663663564366266353638346235323332653365306338383063
37323839306665353035333835396233643464386331333532626535323265356165313165363764
30343837363331633330323462353032396466313736643365383437323265643661353764376139
39613331313536346434636363313466326439646536303039383633343963313535336161616230
34626537613734323564323335643730633135643136363236383538653337376431356464343330
38623064303061656463376239633833343839346139303562643236363037386532333334636437
31353365616436323133336231343465653337306462636364303830333231646530653864663836
66386434393263386164353138316138653765383131653365653838653666663961663432346233
63373538326135643234323566313736313161626338333736653039306464306439623066643030
34653235653436313161386662363361353861333063666538663335313533373736656539356235
36616532303935346662323663653566363532643963336335333134346562346565383138613539
36626564306637666464613764643462663838356665363066363839386566336461393034656530
39353566623231616665613333336663386437383061326663656630383463656165626437666364
65396661306338663462363034336435383837363361383433643063666633343939656437623666
61363062313739623461623831393965313262336166313536386639376536383031386438336533
66646462623935313963386663623433323833626236323230613630663866373164363936363738
38343733633933663762376361366130363538646130353535653863636537393866373039316237
33323862646464646636363262623834303362616531383965633131353866373763393131306563
36616132643636666465393163383434653838303365663532346661633562623936623933363464
35393261363061623161
